207,35
176,2
8,1
176,1
8,11
176,0
8,2
175,4
8,3
175,3
0,537
175,2
175,1
175,0
174,4
174,3
174,2
174,1
174,0
12,2
173,3
12,1
173,2
12,3
173,1
173,0
172,3
172,2
172,1
172,0
171,4
171,3
171,2
171,1
171,0
170,5
170,4
170,3
170,2
170,1
170,0
169,4
169,3
169,2
169,1
169,0
168,4
168,3
168,2
168,1
168,0
167,4
167,3
167,2
167,1
167,0
166,3
166,2
166,1
166,0
165,5
165,4
165,3
165,2
165,1
165,0
164,5
164,4
20,2
164,3
20,1
164,2
164,1
20,3
164,0
163,4
163,3
163,2
163,1
163,0
162,4
19,2
162,3
19,1
162,2
162,1
19,3
162,0
161,6
161,5
161,4
161,3
161,2
161,1
161,0
160,3
160,2
160,1
160,0
159,3
159,2
159,1
159,0
158,5
158,4
158,3
158,2
158,1
158,0
157,3
157,2
157,1
157,0
156,4
156,3
156,2
156,1
156,0
155,4
155,3
155,2
155,1
155,0
154,3
154,2
154,1
154,0
153,4
153,3
18,1
153,2
18,3
153,1
153,0
152,3
152,2
152,1
14,1
152,0
14,4
151,4
14,3
151,3
13,1
151,2
151,1
13,3
151,0
150,4
150,3
150,2
150,1
150,0
149,5
149,4
149,3
149,2
149,1
149,0
148,4
148,3
148,2
148,1
2,2
148,0
2,1
147,3
2,3
147,2
147,1
147,0
146,3
146,2
